n 
=10590366966076417595570792317976297486585973735265109992706967565031234009613315986205390133674703021
462617665119677122719923561805290565404582801138864378945679773189212439570878404269996260991870767553
538891451980522061495914424373657687947218017682045628741277266669508368089377423291044312776895567442
396331329567391395896552091733418770785892867213563864238328848875001413892430288569687806252345465894
812583090814867848795684396948633025617687442084773110132429318762161794156497529471267819009339280949
284098175866485054404456639176348900807097870773882135682745029031447724168320716430535127455819318876
153701
e = 65537
c =
629198849746477001386220185686842237414737844932230964657126355098093374463951774038749172223619716406
312558158177193667589194248121403011949274465779836470876551239438537969583020365517733855920929729829
941858724167286626165967225378785486417941710106827439390451614379331073951168289957184069264694156662
200175849094466160677257978076984924530392640167033476054073290714004170592923440663179047102624827167
533873693186296033856167882010855076008304372919133221988088159167148106324441589384318564083942104759
523146196159723756585301912977605325136013371655896802149840424339722242871533784317251283144011119978
1227